Prototype 1
Test	Ctrl	17.97	12.6723.58	25.253.77	3.1237	23.8610.85	12.5524.08	3722.07	20.995.48	7.516.3	5.7712.88	10.73	Prototype 2
Test	Ctrl25.29	22.8115.94	12.7823.12	22.7618.78	18.9722.66	12.1023.77	24.3124.90	24.1821.60	3737	22.374.45	4.1437	20.036.46	5.3315.38	13.1927.79	24.26	
Prototype 3
Test	Ctrl
25.29	22.8115.94	12.7823.12	22.7618.78	18.9722.66	12.1023.77	24.3124.90	24.1821.60	3737	22.374.45	4.1437	20.036.46	5.3315.38	13.1927.79	24.26Prototype 4
Test	Ctrl	6.55	6.5118.05	14.4213.62	6.7937	22.628.44	6.6812.54	11.6811.21	9.2829.79	26.3537	31.478.45	9.0626.4	19.725.90	9.04

Replicate
Test	Ctrl
22.87	3714.74	15.354.49	5.8921.86	13.727.19	8.45.12	4.637	14.1124.6	20.5921.88	20.4815.21	12.9918.18	12.1528.38	22.88

